32 0.068755401
64 0.062822688
128 0.060933794
256 0.076181941
512 0.065504073
1024 0.078791724
2048 0.069766713
4096 0.082763835
8192 0.072884737
16384 0.082857584
32768 0.096903028
65536 0.105876927
131072 0.099710265
262144 0.124074054
524288 0.138578564
1048576 0.19726503
2097152 0.252259178
4194304 0.35656272
8388608 0.572831517
16777216 1.147785824
33554432 1.718124707
67108864 1.791579469
134217728 1.74978029
268435456 1.989481852
536870912 1.823957017
1073741824 2.489180342
2147483648 2.310628736
4294967296 1.980679041
8589934592 1.954105991
