32 0.06570692
64 0.068668439
128 0.067530586
256 0.064368633
512 0.066345252
1024 0.08693439
2048 0.07999954
4096 0.085059326
8192 0.099216141
16384 0.106949994
32768 0.111365245
65536 0.132854246
131072 0.145300031
262144 0.240223284
524288 0.255468948
1048576 0.478168393
2097152 0.624889997
4194304 0.976903084
8388608 1.822007936
16777216 3.528890308
33554432 6.713974692
67108864 6.682301658
134217728 6.465169167
268435456 6.676364658
536870912 7.450938495
1073741824 7.294734868
2147483648 6.634979028
4294967296 6.766571723
8589934592 6.595423183
